#: table_doi: 10.17182/hepdata.91126.v1/t5
#: name: Table 5
#: description: Dijet invariant mass distribution for the category with both jets b-tagged.
#: data_file: data3d.yaml
#: keyword reactions: P P --> X --> b j | P P --> X --> b b
#: keyword observables: EFF
#: keyword cmenergies: 13000
#: keyword phrases: Mass spectrum | Fit | Proton-Proton Scattering | Search | di-jet production
#: Number of Events,,,Observed
#: SQRT(S) [TeV],,,13
#: LUMINOSITY [fb$^{-1}$],,,139
$m_{jj}$ [GeV],$m_{jj}$ [GeV] LOW,$m_{jj}$ [GeV] HIGH,high mass Z' 2 b-tag
1149.5,1133,1166,23572
1183.0,1166,1200,20137
1217.0,1200,1234,17041
1251.5,1234,1269,14576
1287.0,1269,1305,12523
1323.0,1305,1341,10363
1359.5,1341,1378,9191
1397.0,1378,1416,7802
1435.0,1416,1454,6511
1473.5,1454,1493,5789
1513.0,1493,1533,4894
1553.0,1533,1573,4039
1593.5,1573,1614,3455
1635.0,1614,1656,3006
1677.0,1656,1698,2516
1719.5,1698,1741,2075
1763.0,1741,1785,1910
1807.5,1785,1830,1524
1852.5,1830,1875,1290
1898.0,1875,1921,1149
1944.5,1921,1968,945
1992.0,1968,2016,798
2040.5,2016,2065,718
2089.5,2065,2114,558
2139.0,2114,2164,462
2189.5,2164,2215,407
2241.0,2215,2267,323
2293.5,2267,2320,272
2347.0,2320,2374,224
2401.5,2374,2429,198
2457.0,2429,2485,166
2513.5,2485,2542,121
2571.0,2542,2600,127
2629.5,2600,2659,83
2689.0,2659,2719,75
2749.5,2719,2780,59
2811.0,2780,2842,46
2873.5,2842,2905,45
2937.0,2905,2969,35
3001.5,2969,3034,27
3067.0,3034,3100,20
3133.5,3100,3167,20
3201.0,3167,3235,10
3270.0,3235,3305,8
3340.5,3305,3376,6
3412.0,3376,3448,2
3484.5,3448,3521,3
3558.5,3521,3596,4
3634.0,3596,3672,5
3710.5,3672,3749,2
3788.0,3749,3827,3
3867.0,3827,3907,1
3947.5,3907,3988,0
4029.0,3988,4070,1
4112.0,4070,4154,0
4196.5,4154,4239,2
4282.5,4239,4326,0
4370.0,4326,4414,0
4459.0,4414,4504,1
4549.5,4504,4595,0

#: Number of Events,,,Fit
#: SQRT(S) [TeV],,,13
#: LUMINOSITY [fb$^{-1}$],,,139
$m_{jj}$ [GeV],$m_{jj}$ [GeV] LOW,$m_{jj}$ [GeV] HIGH,high mass Z' 2 b-tag,error +,error -
1149.5,1133,1166,23517.09,153.3528,-153.3528
1183.0,1166,1200,20237.11,142.2572,-142.2572
1217.0,1200,1234,16928.38,130.1091,-130.1091
1251.5,1234,1269,14599.87,120.8299,-120.8299
1287.0,1269,1305,12566.78,112.1017,-112.1017
1323.0,1305,1341,10529.01,102.611,-102.611
1359.5,1341,1378,9077.787,95.27742,-95.27742
1397.0,1378,1416,7810.372,88.37631,-88.37631
1435.0,1416,1454,6548.77,80.92447,-80.92447
1473.5,1454,1493,5640.422,75.10274,-75.10274
1513.0,1493,1533,4847.358,69.62297,-69.62297
1553.0,1533,1573,4063.858,63.74839,-63.74839
1593.5,1573,1614,3494.098,59.1109,-59.1109
1635.0,1614,1656,2997.119,54.74595,-54.74595
1677.0,1656,1698,2510.169,50.10158,-50.10158
1719.5,1698,1741,2152.884,46.39918,-46.39918
1763.0,1741,1785,1841.759,42.91572,-42.91572
1807.5,1785,1830,1571.55,39.64278,-39.64278
1852.5,1830,1875,1310.961,36.20719,-36.20719
1898.0,1875,1921,1117.704,33.43207,-33.43207
1944.5,1921,1968,950.2891,30.82676,-30.82676
1992.0,1968,2016,805.6712,28.38435,-28.38435
2040.5,2016,2065,681.1001,26.09789,-26.09789
2089.5,2065,2114,563.67,23.74174,-23.74174
2139.0,2114,2164,475.7005,21.81056,-21.81056
2189.5,2164,2215,399.4485,19.98621,-19.98621
2241.0,2215,2267,335.6489,18.32072,-18.32072
2293.5,2267,2320,279.5489,16.71972,-16.71972
2347.0,2320,2374,232.6558,15.25306,-15.25306
2401.5,2374,2429,193.2151,13.90018,-13.90018
2457.0,2429,2485,161.3109,12.70082,-12.70082
2513.5,2485,2542,132.8811,11.52741,-11.52741
2571.0,2542,2600,109.6404,10.47093,-10.47093
2629.5,2600,2659,90.72904,9.525179,-9.525179
2689.0,2659,2719,73.61297,8.5798,-8.5798
2749.5,2719,2780,59.56842,7.718058,-7.718058
2811.0,2780,2842,48.37744,6.955389,-6.955389
2873.5,2842,2905,39.15352,6.257277,-6.257277
2937.0,2905,2969,31.57723,5.619362,-5.619362
3001.5,2969,3034,25.37612,5.037471,-5.037471
3067.0,3034,3100,20.31868,4.507624,-4.507624
3133.5,3100,3167,16.20893,4.026031,-4.026031
3201.0,3167,3235,12.8816,3.589094,-3.589094
3270.0,3235,3305,10.32769,3.213672,-3.213672
3340.5,3305,3376,8.112707,2.848281,-2.848281
3412.0,3376,3448,6.347154,2.519356,-2.519356
3484.5,3448,3521,4.945414,2.223829,-2.223829
3558.5,3521,3596,3.882122,1.97031,-1.97031
3634.0,3596,3672,2.987606,1.728469,-1.728469
3710.5,3672,3749,2.28903,1.512954,-1.512954
3788.0,3749,3827,1.74584,1.321302,-1.321302
3867.0,3827,3907,1.33978,1.157489,-1.157489
3947.5,3907,3988,1.008342,1.004162,-1.004162
4029.0,3988,4070,0.7551558,0.868997,-0.868997
4112.0,4070,4154,0.5684537,0.7539587,-0.7539587
4196.5,4154,4239,0.4197252,0.647862,-0.647862
4282.5,4239,4326,0.3112704,0.5579162,-0.5579162
4370.0,4326,4414,0.2264368,0.4758537,-0.4758537
4459.0,4414,4504,0.1653202,0.4065959,-0.4065959
4549.5,4504,4595,0.0,0.0,-0.0